# Timestamp, X, Y, MAC Address of AP, RSS, Range, stdRange
1572857083562 8.764342 12.057408 38:ff:36:43:ff:6c -50 23421 2374
1572857083562 8.764342 12.057408 38:ff:36:03:ff:6c -51 2009 295
1572857083562 8.764342 12.057408 38:ff:36:43:ff:68 -61 3590 672
1572857083562 8.764342 12.057408 38:ff:36:83:ff:6c -50 9573 2437
1572857083562 8.764342 12.057408 38:ff:36:03:ff:68 -60 23653 4590
1572857083562 8.764342 12.057408 38:ff:36:83:ff:68 -60 16814 579
1572857083562 8.764342 12.057408 38:ff:36:71:c3:08 -59 20202 381
1572857083562 8.764342 12.057408 38:ff:36:31:c3:08 -59 23875 1136
1572857083562 8.764342 12.057408 38:ff:36:b1:c3:08 -59 1917 1136
1572857083562 8.764342 12.057408 38:ff:36:31:c3:0c -60 16771 785
1572857083562 8.764342 12.057408 38:ff:36:71:c3:0c -61 19673 1214
1572857083562 8.764342 12.057408 38:ff:36:b1:c3:0c -61 3595 256
# Timestamp, X, Y, MAC Address of AP, RSS, Range, stdRange
1572857088960 8.858234 15.001423 38:ff:36:43:ff:6c -51 15733 903
1572857088960 8.858234 15.001423 38:ff:36:03:ff:6c -51 23923 622
1572857088960 8.858234 15.001423 38:ff:36:43:ff:68 -56 1486 323
1572857088960 8.858234 15.001423 38:ff:36:83:ff:6c -51 17221 842
1572857088960 8.858234 15.001423 38:ff:36:03:ff:68 -55 18221 1136
1572857088960 8.858234 15.001423 38:ff:36:83:ff:68 -56 15817 580
1572857088960 8.858234 15.001423 38:ff:36:71:c3:08 -56 21315 429
1572857088960 8.858234 15.001423 38:ff:36:31:c3:08 -56 2655 347
1572857088960 8.858234 15.001423 38:ff:36:b1:c3:08 -56 17385 343
1572857088960 8.858234 15.001423 38:ff:36:31:c3:0c -62 21359 525
1572857088960 8.858234 15.001423 38:ff:36:71:c3:0c -62 2883 296
1572857088960 8.858234 15.001423 38:ff:36:b1:c3:0c -62 16763 2169
# Timestamp, X, Y, MAC Address of AP, RSS, Range, stdRange
1572857094007 8.946021 17.754005 38:ff:36:43:ff:6c -51 14539 692
1572857094007 8.946021 17.754005 38:ff:36:03:ff:6c -52 18558 243
1572857094007 8.946021 17.754005 38:ff:36:43:ff:68 -47 6803 582
1572857094007 8.946021 17.754005 38:ff:36:83:ff:6c -52 16474 665
1572857094007 8.946021 17.754005 38:ff:36:03:ff:68 -47 23190 1739
1572857094007 8.946021 17.754005 38:ff:36:83:ff:68 -47 16144 819
1572857094007 8.946021 17.754005 38:ff:36:71:c3:08 -61 15898 639
1572857094007 8.946021 17.754005 38:ff:36:31:c3:08 -62 8936 320
1572857094007 8.946021 17.754005 38:ff:36:b1:c3:08 -61 11626 2714