# Timestamp, X, Y, MAC Address of AP, RSS, Range, stdRange
1572857098904 9.0311985 20.42478 38:ff:36:43:ff:6c -47 20738 1838
1572857098904 9.0311985 20.42478 38:ff:36:03:ff:6c -45 15550 373
1572857098904 9.0311985 20.42478 38:ff:36:43:ff:68 -40 7933 369
1572857098904 9.0311985 20.42478 38:ff:36:83:ff:6c -47 13459 1598
1572857098904 9.0311985 20.42478 38:ff:36:03:ff:68 -41 28035 1631
1572857098904 9.0311985 20.42478 38:ff:36:83:ff:68 -41 17540 357
1572857098904 9.0311985 20.42478 38:ff:36:71:c3:08 -67 15404 413
1572857098904 9.0311985 20.42478 38:ff:36:31:c3:08 -67 8864 716
1572857098904 9.0311985 20.42478 38:ff:36:b1:c3:08 -66 15055 449
1572857098904 9.0311985 20.42478 38:ff:36:31:c3:0c -73 29151 697
1572857098904 9.0311985 20.42478 38:ff:36:71:c3:0c -72 19626 483
1572857098904 9.0311985 20.42478 38:ff:36:b1:c3:0c -72 15472 669
# Timestamp, X, Y, MAC Address of AP, RSS, Range, stdRange
1572857103902 9.118134 23.150639 38:ff:36:43:ff:6c -39 18874 2021
1572857103902 9.118134 23.150639 38:ff:36:03:ff:6c -37 15118 618
1572857103902 9.118134 23.150639 38:ff:36:43:ff:68 -36 9319 319
1572857103902 9.118134 23.150639 38:ff:36:83:ff:6c -37 13687 1021
1572857103902 9.118134 23.150639 38:ff:36:03:ff:68 -37 26442 1237
1572857103902 9.118134 23.150639 38:ff:36:83:ff:68 -38 19208 1380
1572857103902 9.118134 23.150639 38:ff:36:71:c3:08 -71 15316 502
1572857103902 9.118134 23.150639 38:ff:36:31:c3:08 -70 11114 921
1572857103902 9.118134 23.150639 38:ff:36:b1:c3:08 -70 14738 1695
1572857103902 9.118134 23.150639 38:ff:36:31:c3:0c -73 27691 1666
1572857103902 9.118134 23.150639 38:ff:36:71:c3:0c -72 9256 1778
1572857103902 9.118134 23.150639 38:ff:36:b1:c3:0c -72 11265 578
# Timestamp, X, Y, MAC Address of AP, RSS, Range, stdRange
1572857108716 9.201867 25.776146 38:ff:36:43:ff:6c -38 16453 2069
1572857108716 9.201867 25.776146 38:ff:36:03:ff:6c -37 15044 610
1572857108716 9.201867 25.776146 38:ff:36:43:ff:68 -36 9346 517
1572857108716 9.201867 25.776146 38:ff:36:83:ff:6c -37 10581 2070
1572857108716 9.201867 25.776146 38:ff:36:03:ff:68 -37 28834 3302
1572857108716 9.201867 25.776146 38:ff:36:83:ff:68 -37 18893 1164
1572857108716 9.201867 25.776146 38:ff:36:71:c3:08 -72 14437 574
1572857108716 9.201867 25.776146 38:ff:36:31:c3:08 -71 10702 934
1572857108716 9.201867 25.776146 38:ff:36:b1:c3:08 -72 11127 611